font.family:Arial
font.size:30
lines.color:(0.36470588235294116, 0.8549019607843137, 0.36470588235294116)
lines.linewidth:3.5
patch.facecolor:(0.16470588235294117, 0.24705882352941178, 0.8235294117647058)
figure.figsize:9.0, 8.75
